000000000000000000000000000000000000000000000000000000000000
000000000000000000000000000000000000000000000000000000000000
000000000000000000000000000000000000000000000000000000000000
000000000000000000000000000000000000000000000000000000000000
000000000000000000000000000000000000000000000000000000000000
000000000000000000000000000000000000000000000000000000000000
000000000000000000000000000000000000000000000000000000000000
000000000000000000000000000000000000000000000000000000000000
000000000000000000000000000000000000000000000000000000000000
000000000000000000000000000000000000000000000000000000000000
000000000000000000000000000000000000000000000000000000000000
000000000000000000000000000000000000000000000000000000000000
000000000000000000000000000000000000000000000000000000000000
000000000000000000000000000000000000000000000000000000000000
000000000000000000000000000000000000000000000000000000000000
000000000000000000000000000000000000000000000000000000000000
000000000000000000000000000000000000000000000000000000000000
000000000000000000000000000000000000000000000000000000000000
000000000000000000000000000000000000000000000000000000000000
000000000000000000000000000000000000000000000000000000000000
000000000000000000000000000000000000000000000000000000000000
000000000000000000000000000000000000000000000000000000000000
000000000000000000000000000000000000000000000000000000000000
000000000000000000000000000000000000000000000000000000000000
000000000000000000000000000000000000000000000000000000000000
000000000000000000000000000000000000000000000000000000000000
000000000000000000000000000000000000000000000000000000000000
000000000000000000000000000000000000000000000000000000000000
000000000000000000000003000000000000000000000000000000000000
000000000000000000000003000000000000000000000000000000000000
000000000000000000000003000000000000000000000000000000000000
000000000000000000000303000000000000000000000000000000000000
000000000000000000333330000000000000000000000000000000000000
000000000000000000300303000000000000000000000000000000000000
000000000000000000300000300000000000000000000000000000000000
000000000000000000000000030000000000000000000000000000000000
000000000000000003030000030000000000000000000000000000000000
000000000000000003030000030000000000000000000000000000000000
000000000000000000300000030000000000000000000000000000000000
000000000000000000000000030000000000000000000000000000000000
000000000000000000000000333000000000000000000000000000000000
000000000000000000000003030300000000000000000000000000000000
000000000000000000000003000300000000000000000000000000000000
000000000000000000333333000333330000000000000000000000000000
000000000000000000300000000000030000000000000000000000000000
000000000000000000300000000000333000000000000000000000000000
000000000000000000300000000000303000000000000000000000000000
000000000000000003330000000003303300000000000000000000000000
000000000000000030303000000030333030000000000000000000000000
000000000000000030003000000030000030000000000000000000000000
000000000000000030003000000030000030000000000000000000000000
000000000000000030003000000030000030000000000000000000000000
000000000003300030003000000030000030000000000000000000000000
000000003333033333333333333333333330000000000000000000000000
000000003003300000000000000000000000000000000000000000000000
000000003000000000000000000000000000000000000000000000000000
000000003003300000000000000000000000000000000000000000000000
003330003330333333300000000000000000000000000000000000000000
030000330003300000000000000000000000000000000000000000000000
003330000000000000000000000000000000000000000000000000000000